timestamp,worker_id,tx_type,latency_s,gas_used,block_number,status
1768843753.2387123,266,das_burn,3.680265426635742,23764,8,1
1768843753.2402709,260,das_burn,3.785127639770508,23764,8,1
1768843753.2405791,274,das_burn,3.508089542388916,23764,8,1
1768843753.2755845,270,das_burn,3.9799091815948486,23764,8,1
1768843753.2764862,254,das_burn,2.237048625946045,23764,8,1
1768843753.283115,252,das_burn,3.7215545177459717,23764,8,1
1768843753.2835102,268,das_burn,5.438560962677002,23764,8,1
1768843753.2880428,258,das_burn,5.541501045227051,23752,8,1
1768843753.295298,272,das_burn,6.730778217315674,23752,8,1
1768843753.3311412,256,das_burn,2.7546331882476807,23764,8,1
1768843753.3314543,282,das_burn,5.713085889816284,23764,8,1
1768843756.6993353,263,das_burn,11.603910207748413,23764,8,1
1768843756.7031045,275,das_burn,6.71415901184082,23764,8,1
1768843756.7176282,255,das_burn,12.155122518539429,23764,8,1
1768843756.726404,279,das_burn,3.1418063640594482,23764,8,1
1768843756.7339413,259,das_burn,11.809921264648438,23764,8,1
1768843756.7419627,277,das_burn,7.001704692840576,23752,8,1
1768843756.7491758,269,das_burn,3.5739667415618896,23764,8,1
1768843756.7579358,273,das_burn,11.158047437667847,23764,8,1
1768843756.7593453,253,das_burn,9.601167678833008,23764,8,1
1768843756.7722876,267,das_burn,8.22527003288269,23764,8,1
1768843756.775906,261,das_burn,3.0097784996032715,23764,8,1
1768843756.780344,281,das_burn,8.215168714523315,23764,8,1
1768843757.621415,256,das_mint,2.4842450618743896,23742,8,1
1768843757.6244433,254,das_mint,3.2529873847961426,23742,8,1
1768843757.6255271,258,das_mint,2.553001642227173,23730,8,1
1768843757.627059,270,das_mint,3.7131073474884033,23742,8,1
1768843757.6484327,252,das_mint,2.638218641281128,23742,8,1
1768843757.6513453,282,das_mint,3.006632089614868,23742,8,1
1768843757.6542733,266,das_mint,3.732555866241455,23742,8,1
1768843757.698214,272,das_mint,3.4546072483062744,23730,8,1
1768843757.6995575,274,das_mint,3.3505260944366455,23742,8,1
1768843757.7180097,268,das_mint,2.682070255279541,23742,8,1
1768843757.718648,260,das_mint,2.7220375537872314,23742,8,1
1768843765.8528984,276,das_burn,9.392282247543335,23764,9,1
1768843765.8537948,264,das_burn,7.654925107955933,23764,9,1
1768843765.8560095,280,das_burn,12.272930383682251,23764,9,1
1768843765.8571694,262,das_burn,11.929410696029663,23752,9,1
1768843765.8602319,278,das_burn,7.912623643875122,23764,9,1
1768843768.9528463,265,das_burn,10.740535259246826,23764,9,1
1768843768.9645302,271,das_burn,12.33100938796997,23764,9,1
1768843781.4790008,261,das_mint,23.96933364868164,23742,9,1
1768843781.4851193,263,das_mint,23.76432228088379,23742,9,1
1768843781.4953783,253,das_mint,22.946911334991455,23742,9,1
1768843781.4958818,279,das_mint,23.9742431640625,23742,9,1
1768843781.4966805,282,das_work,23.159799814224243,60058,9,1
1768843781.5017507,258,das_work,22.09978675842285,60058,9,1
1768843781.50576,254,das_work,21.889293670654297,60058,9,1
1768843781.5404403,260,das_work,22.784278392791748,60058,9,1
1768843781.5409544,270,das_work,22.555858373641968,60058,9,1
1768843781.5467892,276,das_mint,15.119395971298218,23742,9,1
1768843781.5480142,266,das_work,22.199434757232666,60058,9,1
1768843781.5515711,278,das_mint,14.148650407791138,23742,9,1
1768843781.5521717,252,das_work,22.042112588882446,60058,9,1
1768843781.5524368,280,das_mint,15.072850942611694,23742,9,1
1768843781.5532575,272,das_work,22.101533889770508,60058,9,1
1768843781.5556662,262,das_mint,15.068031311035156,23730,9,1
1768843781.578034,255,das_mint,23.31283664703369,23742,9,1
1768843781.5783513,268,das_work,22.703381776809692,60058,9,1
1768843781.579386,273,das_mint,24.11607813835144,23742,9,1
1768843781.5869045,267,das_mint,23.617043495178223,23742,9,1
1768843781.5914946,269,das_mint,22.918601274490356,23742,9,1
1768843781.595304,277,das_mint,24.137909650802612,23730,9,1
1768843781.5956144,274,das_work,22.445804119110107,60058,9,1
1768843781.5958185,281,das_mint,23.630237817764282,23742,9,1
1768843781.596094,256,das_work,22.908112049102783,60058,9,1
1768843781.5963001,264,das_mint,15.14876651763916,23742,9,1
1768843833.2486246,273,das_work,49.949618339538574,60058,11,1
1768843833.2543912,254,das_work,49.87886571884155,60058,11,1
1768843833.255221,274,das_work,50.100181102752686,60058,11,1
1768843833.2555122,258,das_work,51.09959673881531,60058,11,1
1768843833.2557888,276,das_work,50.03691601753235,60058,11,1
1768843833.2603173,269,das_work,50.10470128059387,60058,11,1
1768843833.2614522,281,das_work,50.40807557106018,60058,11,1
1768843833.2627342,256,das_work,50.98022198677063,60058,11,1
1768843833.264023,267,das_work,50.0226526260376,60058,11,1
1768843833.2649264,282,das_work,50.41916871070862,60058,11,1
1768843833.2949345,272,das_work,49.80620574951172,60058,11,1
1768843833.2994778,262,das_work,50.36509609222412,60058,11,1
1768843833.299801,260,das_work,50.617785692214966,60058,11,1
1768843833.301008,264,das_work,51.019078969955444,60058,11,1
1768843833.303,261,das_work,50.24793815612793,60058,11,1
1768843833.314195,263,das_work,50.06054091453552,60058,11,1
1768843833.3180804,278,das_work,51.20170450210571,60058,11,1
1768843833.318541,268,das_work,50.85969519615173,60058,11,1
1768843833.3298488,270,das_work,50.63336706161499,60058,11,1
1768843833.330107,266,das_work,50.7280535697937,60058,11,1
1768843833.3312602,280,das_work,51.22736477851868,60058,11,1
1768843833.3372166,252,das_work,50.44671273231506,60058,11,1
1768843833.3387318,255,das_work,50.10446047782898,60058,11,1
1768843833.3393338,277,das_work,49.75290083885193,60058,11,1
1768843833.3396695,253,das_work,51.11595845222473,60058,11,1
1768843833.3400822,279,das_work,50.81405997276306,60058,11,1
1768843877.2285428,257,das_burn,122.11355376243591,23764,18,1
1768843885.1222875,281,das_work,50.499422550201416,60058,13,1
1768843885.1267114,269,das_work,50.96141791343689,60058,13,1
1768843885.1682463,258,das_work,51.200087547302246,60058,13,1
1768843885.1762724,280,das_work,50.472341537475586,60058,13,1
1768843885.1764927,270,das_work,51.26058864593506,60058,13,1
1768843885.1772854,274,das_work,51.26441812515259,60058,13,1
1768843885.1892538,276,das_work,51.284894704818726,60058,13,1
1768843885.1998925,262,das_work,51.20566391944885,60058,13,1
1768843885.2189906,273,das_work,51.256457567214966,60058,13,1
1768843885.2195117,282,das_work,50.972904682159424,60058,13,1
1768843885.2200289,252,das_work,51.3527569770813,60058,13,1
1768843885.2202942,254,das_work,50.21083688735962,60058,13,1
1768843885.2213824,266,das_work,51.04168725013733,60058,13,1
1768843885.2236,272,das_work,51.30467224121094,60058,13,1
1768843885.2308922,277,das_work,50.16879081726074,60058,13,1
1768843885.2324393,260,das_work,50.20999217033386,60058,13,1
1768843885.2338974,255,das_work,50.26894283294678,60058,13,1
1768843885.2341053,279,das_work,50.745219469070435,60058,13,1
1768843885.2374492,263,das_work,51.213499307632446,60058,13,1
1768843885.2387052,253,das_work,50.01284074783325,60058,13,1
1768843885.2390378,267,das_work,50.23160934448242,60058,13,1
1768843885.2392356,278,das_work,50.50615406036377,60058,13,1
1768843885.2395608,264,das_work,50.764918088912964,60058,13,1
1768843885.239968,256,das_work,51.32861566543579,60058,13,1
1768843885.2401798,268,das_work,50.61113905906677,60058,13,1
1768843885.2404437,261,das_work,50.86970233917236,60058,13,1
1768843939.200887,279,das_work,52.6218044757843,60058,15,1
1768843939.2234607,266,das_work,52.14010190963745,60058,15,1
1768843939.2254014,258,das_work,52.14610457420349,60058,15,1
1768843939.2256172,277,das_work,52.287920236587524,60058,15,1
1768843939.2264652,253,das_work,53.48135209083557,60058,15,1
1768843939.2442317,278,das_work,52.05357122421265,60058,15,1
1768843939.249001,274,das_work,53.183385133743286,60058,15,1
1768843939.2523382,262,das_work,52.11964273452759,60058,15,1
1768843939.2546573,272,das_work,52.13569974899292,60058,15,1
1768843939.2558262,273,das_work,53.36357069015503,60058,15,1
1768843939.2594867,264,das_work,52.51380729675293,60058,15,1
1768843939.259702,254,das_work,52.85835862159729,60058,15,1
1768843939.2613027,269,das_work,53.52144765853882,60058,15,1
1768843939.2616496,252,das_work,53.12472367286682,60058,15,1
1768843939.2834933,263,das_work,52.54403877258301,60058,15,1
1768843939.286178,281,das_work,52.80641293525696,60058,15,1
1768843939.287977,261,das_work,52.3945791721344,60058,15,1
1768843939.2882519,255,das_work,53.236680030822754,60058,15,1
1768843939.3067796,276,das_work,52.779295444488525,60058,15,1
1768843939.3085432,260,das_work,52.640300035476685,60058,15,1
1768843939.3094172,270,das_work,53.58159136772156,60058,15,1
1768843939.311285,282,das_work,52.93544316291809,60058,15,1
1768843939.311667,280,das_work,53.26930260658264,60058,15,1
1768843939.3131468,267,das_work,52.19869351387024,60058,15,1
1768843939.3138158,256,das_work,52.53469753265381,60058,15,1
1768843939.314194,265,das_mint,168.83661437034607,23742,15,1
1768843939.3144608,268,das_work,53.06648135185242,60058,15,1
1768843939.3160517,271,das_mint,169.42916989326477,23742,15,1
1768843956.0726159,274,das_work,16.28048586845398,60058,16,1
1768843994.462234,282,das_work,54.0455539226532,60058,17,1
1768843994.4648402,273,das_work,53.55646347999573,60058,17,1
1768843994.4679205,272,das_work,53.253220319747925,60058,17,1
1768843994.4699607,254,das_work,53.310787200927734,60058,17,1
1768843994.4701653,274,das_burn,37.5706672668457,23764,17,1
1768843994.475589,269,das_work,53.74344778060913,60058,17,1
1768843994.4783568,278,das_work,54.02740025520325,60058,17,1
1768843994.4818459,266,das_work,54.423848152160645,60058,17,1
1768843994.4830608,267,das_work,53.23874807357788,60058,17,1
1768843994.486125,265,das_work,53.89691114425659,60058,17,1
1768843994.4867933,271,das_work,54.24013423919678,60058,17,1
1768843994.4963453,270,das_work,53.5324912071228,60058,17,1
1768843994.4994278,280,das_work,54.685205698013306,60058,17,1
1768843994.5005195,260,das_work,53.345760107040405,60058,17,1
1768843994.5008838,268,das_work,54.29830527305603,60058,17,1
1768843994.5206454,261,das_work,53.90051889419556,60058,17,1
1768843994.5215473,277,das_work,54.168428897857666,60058,17,1
1768843994.5218394,262,das_work,53.9047486782074,60058,17,1
1768843994.5399504,255,das_work,53.307169914245605,60058,17,1
1768843994.5522149,264,das_work,54.21300673484802,60058,17,1
1768843994.5555754,256,das_work,54.41715669631958,60058,17,1
1768843994.570217,263,das_work,54.24499988555908,60058,17,1
1768843994.5704386,252,das_work,54.0106315612793,60058,17,1
1768843994.572299,276,das_work,53.56010913848877,60058,17,1
1768843994.5725207,281,das_work,54.23504638671875,60058,17,1
1768843994.5733025,258,das_work,53.6021990776062,60058,17,1
1768843994.5735884,253,das_work,54.49085021018982,60058,17,1
1768843994.5738444,279,das_work,54.25949430465698,60058,17,1
1768844006.1347637,274,das_mint,10.015110731124878,23742,29,1
1768844018.2751138,274,das_burn,11.463768720626831,23764,30,1
1768844019.2965426,273,das_work,24.32515788078308,60058,18,1
1768844019.3086455,277,das_work,24.25439691543579,60058,18,1
1768844019.314787,270,das_burn,24.2165048122406,23764,18,1
1768844019.3169081,255,das_work,24.01579737663269,60058,18,1
1768844019.3198698,267,das_work,23.846099376678467,60058,18,1
1768844019.3368142,280,das_work,24.015762090682983,60058,18,1
1768844019.3389149,262,das_work,23.94098734855652,60058,18,1
1768844019.351259,253,das_work,24.000895500183105,60058,18,1
1768844019.3537045,264,das_work,24.10134792327881,60058,18,1
1768844019.3540592,282,das_burn,24.166009187698364,23764,18,1
1768844019.370442,265,das_work,24.021305561065674,60058,18,1
1768844019.3914833,263,das_work,24.110517501831055,60058,18,1
1768844019.4032736,266,das_burn,24.298375129699707,23764,18,1
1768844030.508981,266,das_mint,9.557059526443481,23742,31,1
1768844030.5420413,270,das_mint,10.377213716506958,23742,31,1
1768844030.5586002,282,das_mint,10.009376287460327,23742,31,1
1768844042.6954498,270,das_burn,10.215430974960327,23764,32,1
1768844042.6956494,282,das_burn,11.613141059875488,23764,32,1
1768844042.773998,266,das_burn,11.147058963775635,23764,32,1
1768844048.233549,278,das_work,52.22610640525818,60058,19,1
1768844048.235906,267,das_burn,27.229087591171265,23764,19,1
1768844048.2361884,264,das_burn,28.13261103630066,23764,19,1
1768844048.236594,275,das_mint,290.925146818161,23742,19,1
1768844048.2367902,260,das_burn,52.255494594573975,23764,19,1
1768844048.2457166,279,das_work,51.909160137176514,60058,19,1
1768844048.2500691,276,das_work,52.52940273284912,60058,19,1
1768844048.2559917,255,das_burn,27.907485723495483,23764,19,1
1768844048.2600498,268,das_burn,52.10529375076294,23764,19,1
1768844048.2603881,254,das_burn,52.31122183799744,23764,19,1
1768844048.261856,281,das_work,52.03830933570862,60058,19,1
1768844048.2621908,253,das_burn,27.42223572731018,23764,19,1
1768844048.2648454,261,das_work,52.197859048843384,60058,19,1
1768844048.2655017,256,das_burn,52.09390377998352,23764,19,1
1768844048.2657335,252,das_burn,52.97923922538757,23764,19,1
1768844048.2816148,271,das_work,51.859461069107056,60058,19,1
1768844048.2818203,269,das_work,52.0436532497406,60058,19,1
1768844048.283479,277,das_burn,27.834593057632446,23752,19,1
1768844048.283701,273,das_burn,28.052603006362915,23764,19,1
1768844048.2938793,258,das_burn,51.98655104637146,23752,19,1
1768844048.3070521,259,das_mint,290.9616119861603,23742,19,1
1768844048.3207352,263,das_burn,28.296446800231934,23764,19,1
1768844048.3231986,257,das_mint,170.26079106330872,23742,19,1
1768844048.3314695,274,das_mint,28.992024421691895,23742,19,1
1768844048.3316958,265,das_work,27.9595205783844,60058,19,1
1768844048.3339486,272,das_burn,51.912071228027344,23752,19,1
1768844048.334322,262,das_burn,27.815109729766846,23752,19,1
1768844048.3346236,280,das_burn,27.13705849647522,23764,19,1
1768844055.2347763,256,das_mint,5.769573211669922,23742,33,1
1768844055.23748,252,das_mint,5.761913299560547,23742,33,1
1768844055.2381294,262,das_mint,6.3724470138549805,23730,33,1
1768844055.2392993,268,das_mint,5.670799732208252,23742,33,1
1768844055.2395415,260,das_mint,6.358254909515381,23742,33,1
1768844055.2534068,258,das_mint,5.2763001918792725,23730,33,1
1768844055.2633026,272,das_mint,5.453317642211914,23730,33,1
1768844055.2994955,254,das_mint,5.581413984298706,23742,33,1
1768844055.3090217,264,das_mint,6.458654403686523,23742,33,1
1768844055.337024,280,das_mint,6.10530161857605,23742,33,1
1768844058.1247907,273,das_mint,9.065863370895386,23742,33,1
1768844058.128789,267,das_mint,9.254906415939331,23742,33,1
1768844058.1290948,255,das_mint,7.890098333358765,23742,33,1
1768844058.1423337,277,das_mint,8.403976202011108,23730,33,1
1768844058.1524243,253,das_mint,8.983128547668457,23742,33,1
1768844058.216094,263,das_mint,9.219244241714478,23742,33,1
1768844067.3594038,276,das_burn,18.31669807434082,23764,20,1
1768844067.3811517,274,das_work,17.10742998123169,60058,20,1
1768844067.382544,257,das_work,17.828242540359497,60058,20,1
1768844067.383088,281,das_burn,17.533236265182495,23764,20,1
1768844067.391104,279,das_burn,18.392739057540894,23764,20,1
1768844067.392024,271,das_work,17.324095487594604,60058,20,1
1768844067.3964837,265,das_work,17.352795124053955,60058,20,1
1768844067.413138,278,das_burn,17.484529972076416,23764,20,1
1768844067.4150565,261,das_burn,17.56602692604065,23764,20,1
1768844067.4193473,275,das_work,17.983781337738037,60058,20,1
1768844067.4258833,259,das_work,18.493837594985962,60058,20,1
1768844067.4263275,269,das_burn,18.58185124397278,23764,20,1
1768844067.7849038,264,das_burn,11.171943426132202,23764,34,1
1768844067.8187196,260,das_burn,11.349864721298218,23764,34,1
1768844067.8214977,254,das_burn,11.292413473129272,23764,34,1
1768844067.827893,252,das_burn,11.648000955581665,23764,34,1
1768844067.8404756,272,das_burn,10.93028473854065,23752,34,1
1768844067.8407648,280,das_burn,11.961257696151733,23764,34,1
1768844067.841272,256,das_burn,11.900887727737427,23764,34,1
1768844067.8445814,262,das_burn,10.934753894805908,23752,34,1
1768844067.8448033,268,das_burn,10.780463218688965,23764,34,1
1768844067.8616087,258,das_burn,11.476309061050415,23752,34,1
1768844070.8410125,267,das_burn,11.042514324188232,23764,34,1
1768844070.8466234,277,das_burn,10.77293610572815,23752,34,1
1768844070.8498242,255,das_burn,11.227899074554443,23764,34,1
1768844070.853579,261,das_mint,1.934034824371338,23742,34,1
1768844070.854777,273,das_burn,11.400602102279663,23764,34,1
1768844070.8551571,263,das_burn,11.855139255523682,23764,34,1
1768844070.8564887,281,das_mint,1.4861207008361816,23742,34,1
1768844070.8572416,269,das_mint,1.651960849761963,23742,34,1
1768844070.8671217,253,das_burn,10.743846654891968,23764,34,1
1768844070.9005055,279,das_mint,2.378877639770508,23742,34,1
1768844080.0179212,276,das_mint,11.919737100601196,23742,35,1
1768844080.069885,278,das_mint,12.107583284378052,23742,35,1
1768844083.085499,279,das_burn,11.318908929824829,23764,35,1
1768844083.0858161,261,das_burn,11.124521970748901,23764,35,1
1768844083.0872524,281,das_burn,10.262258291244507,23764,35,1
1768844083.088536,269,das_burn,10.230774879455566,23764,35,1
1768844088.6600068,272,das_mint,19.149616718292236,23730,21,1
1768844088.6611187,264,das_mint,19.755894422531128,23742,21,1
1768844088.665552,259,das_work,20.25852680206299,60058,21,1
1768844088.6756895,253,das_mint,15.858339309692383,23742,21,1
1768844088.6791337,268,das_mint,19.657130241394043,23742,21,1
1768844088.6824627,260,das_mint,19.332475900650024,23742,21,1
1768844088.6829805,263,das_mint,16.326535940170288,23742,21,1
1768844088.6972432,254,das_mint,18.887314319610596,23742,21,1
1768844088.6976306,262,das_mint,19.726826906204224,23730,21,1
1768844088.699423,277,das_mint,17.34718632698059,23730,21,1
1768844088.7003021,257,das_work,19.406344652175903,60058,21,1
1768844088.7041273,255,das_mint,15.851461172103882,23742,21,1
1768844088.7046204,267,das_mint,16.193812608718872,23742,21,1
1768844088.705021,258,das_mint,19.32193613052368,23730,21,1
1768844088.7059987,273,das_mint,15.96141242980957,23742,21,1
1768844088.7062936,256,das_mint,19.69973587989807,23742,21,1
1768844088.709118,271,das_work,19.933061838150024,60058,21,1
1768844088.7102191,275,das_work,19.899097442626953,60058,21,1
1768844088.7107792,280,das_mint,20.0547776222229,23742,21,1
1768844088.7110958,274,das_work,20.3047354221344,60058,21,1
1768844088.7113771,252,das_mint,18.886643171310425,23742,21,1
1768844088.7264934,265,das_work,19.71935224533081,60058,21,1
1768844092.1907074,278,das_burn,10.433791875839233,23764,36,1
1768844092.2441833,276,das_burn,11.250125169754028,23764,36,1
1768844107.7549653,256,das_work,18.26182270050049,60058,22,1
1768844107.7567692,254,das_work,18.36270761489868,60058,22,1
1768844107.7677238,272,das_work,18.58161425590515,60058,22,1
1768844107.7682345,264,das_work,18.16829562187195,60058,22,1
1768844107.7684596,271,das_work,18.166505098342896,60058,22,1
1768844107.7686548,277,das_work,18.419017791748047,60058,22,1
1768844107.7751784,257,das_work,17.862781763076782,60058,22,1
1768844107.7754345,262,das_work,18.300102949142456,60058,22,1
1768844137.3778205,265,das_burn,47.342763900756836,23764,23,1
1768844137.3790674,258,das_work,47.30800795555115,60058,23,1
1768844137.392205,264,das_work,28.226722240447998,60058,23,1
1768844137.3952649,262,das_work,27.857560396194458,60058,23,1
1768844137.3954804,254,das_work,27.797461986541748,60058,23,1
1768844137.3957572,253,das_work,47.38287973403931,60058,23,1
1768844137.432456,276,das_mint,43.47473382949829,23742,23,1
1768844137.4328291,259,das_work,46.988988399505615,60058,23,1
1768844137.4369245,280,das_work,47.01389932632446,60058,23,1
1768844137.446219,274,das_work,46.77848815917969,60058,23,1
1768844137.4479487,273,das_work,47.488704442977905,60058,23,1
1768844137.4497824,277,das_work,27.88040280342102,60058,23,1
1768844137.4648263,255,das_work,47.28754687309265,60058,23,1
1768844137.4662254,252,das_work,47.20705509185791,60058,23,1
1768844137.4686787,268,das_work,47.57466650009155,60058,23,1
1768844137.4691083,275,das_work,47.117916107177734,60058,23,1
1768844137.4700587,256,das_work,27.862212896347046,60058,23,1
1768844137.4721243,257,das_work,28.515125513076782,60058,23,1
1768844137.4755554,263,das_work,46.90040564537048,60058,23,1
1768844137.4759774,267,das_work,47.234092712402344,60058,23,1
1768844137.476185,271,das_burn,28.021472692489624,23764,23,1
1768844137.476769,260,das_work,47.50647163391113,60058,23,1
1768844137.4769716,272,das_work,27.98630690574646,60058,23,1
1768844137.4772341,278,das_mint,44.02229452133179,23742,23,1
1768844143.2229116,271,das_mint,4.216535806655884,23742,40,1
1768844143.2231812,265,das_mint,4.635165452957153,23742,40,1
1768844154.0342515,274,das_work,16.018922090530396,60058,24,1
1768844154.0639741,263,das_work,15.95028829574585,60058,24,1
1768844154.0823667,257,das_work,16.041305541992188,60058,24,1
1768844154.0977018,275,das_work,15.849320411682129,60058,24,1
1768844155.2622645,271,das_burn,10.319762706756592,23764,41,1
1768844155.3309767,265,das_burn,11.172973871231079,23764,41,1
1768844188.5461237,264,das_work,49.93759274482727,60058,25,1
1768844188.5740361,280,das_work,49.45090413093567,60058,25,1
1768844188.5812602,272,das_work,49.97521686553955,60058,25,1
1768844188.5816865,259,das_work,49.57330918312073,60058,25,1
1768844188.5953128,262,das_work,49.81807351112366,60058,25,1
1768844188.5958009,273,das_work,49.47103524208069,60058,25,1
1768844188.5977943,274,das_work,33.358227014541626,60058,25,1
1768844188.609729,276,das_work,49.810290575027466,60058,25,1
1768844188.6112092,252,das_work,49.674153566360474,60058,25,1
1768844188.6116183,277,das_work,49.630091190338135,60058,25,1
1768844188.6128995,257,das_burn,33.503448486328125,23764,25,1
1768844188.6383297,282,das_mint,144.06006503105164,23742,25,1
1768844188.641119,255,das_work,49.59917187690735,60058,25,1
1768844188.6445582,271,das_mint,31.719316244125366,23742,25,1
1768844188.6488066,266,das_mint,144.13963627815247,23742,25,1
1768844188.6496441,254,das_work,50.02630949020386,60058,25,1
1768844188.6531742,278,das_work,49.88200354576111,60058,25,1
1768844188.6573453,256,das_work,49.80780839920044,60058,25,1
1768844188.6612678,275,das_work,32.829132318496704,60058,25,1
1768844188.6625812,258,das_work,49.52416706085205,60058,25,1
1768844188.663147,267,das_work,50.584245681762695,60058,25,1
1768844188.6633472,265,das_mint,32.29178738594055,23742,25,1
1768844188.6665416,268,das_work,49.930174112319946,60058,25,1
1768844188.6668382,260,das_work,50.22513771057129,60058,25,1
1768844188.6676025,270,das_mint,145.42943286895752,23742,25,1
1768844188.681128,263,das_work,33.79185700416565,60058,25,1
1768844188.6814091,253,das_work,50.600483417510986,60058,25,1
1768844191.422686,257,das_mint,0.9838888645172119,23742,44,1
1768844203.462734,257,das_burn,10.92432975769043,23764,45,1
1768844205.177233,256,das_work,15.963063716888428,60058,26,1
1768844241.3477519,262,das_work,50.977086782455444,60058,27,1
1768844241.3512955,254,das_work,51.78428769111633,60058,27,1
1768844241.353709,257,das_mint,36.19475483894348,23742,27,1
1768844241.3543305,266,das_work,51.485251903533936,60058,27,1
1768844241.3555102,280,das_work,51.49907684326172,60058,27,1
1768844241.3558285,260,das_work,51.493572473526,60058,27,1
1768844241.3596811,255,das_work,51.51112771034241,60058,27,1
1768844241.3618088,275,das_burn,51.852187633514404,23764,27,1
1768844241.3621247,271,das_work,51.033074140548706,60058,27,1
1768844241.3732758,259,das_work,51.750752449035645,60058,27,1
1768844241.373564,253,das_work,51.12163162231445,60058,27,1
1768844241.3940415,274,das_burn,51.82202410697937,23764,27,1
1768844241.4250267,278,das_work,51.27500581741333,60058,27,1
1768844241.425247,252,das_work,50.88726449012756,60058,27,1
1768844241.4258022,263,das_work,52.0465350151062,60058,27,1
1768844241.426747,276,das_work,51.39824032783508,60058,27,1
1768844241.4270217,277,das_work,51.61433005332947,60058,27,1
1768844241.4288678,256,das_work,34.564990758895874,60058,27,1
1768844241.4446979,272,das_work,51.06754517555237,60058,27,1
1768844241.44491,267,das_work,50.90625810623169,60058,27,1
1768844241.4472225,258,das_work,50.90977144241333,60058,27,1
1768844241.44751,265,das_work,50.83344864845276,60058,27,1
1768844241.447739,264,das_work,52.17078685760498,60058,27,1
1768844241.448149,268,das_work,51.35451865196228,60058,27,1
1768844241.4486604,270,das_work,51.67385530471802,60058,27,1
1768844241.4494176,282,das_work,51.56432890892029,60058,27,1
1768844241.4550261,273,das_work,51.599644899368286,60058,27,1
1768844248.4066374,274,das_mint,6.055133104324341,23742,49,1
1768844251.63229,275,das_mint,9.650033950805664,23742,49,1
1768844257.6998587,265,das_work,15.614068508148193,60058,28,1
1768844257.7023547,257,das_work,15.502999305725098,60058,28,1
1768844257.705558,268,das_work,15.755008935928345,60058,28,1
1768844260.4426599,274,das_burn,10.879510164260864,23764,50,1
1768844263.7682195,275,das_burn,10.330904245376587,23764,50,1
1768844291.9868128,252,das_work,49.06043076515198,60058,29,1
1768844291.998782,272,das_work,49.60628938674927,60058,29,1
1768844292.0026374,266,das_work,48.80988931655884,60058,29,1
1768844292.0035381,275,das_mint,27.46216344833374,23742,29,1
1768844292.0124254,271,das_work,48.69192695617676,60058,29,1
1768844292.0178163,277,das_work,49.584452390670776,60058,29,1
1768844292.018493,270,das_work,48.5807363986969,60058,29,1
1768844292.0411851,280,das_work,49.24615406990051,60058,29,1
1768844292.0471015,276,das_work,48.78018593788147,60058,29,1
1768844292.0473263,274,das_mint,29.997971773147583,23742,29,1
1768844292.0505972,273,das_work,49.73780608177185,60058,29,1
1768844292.052001,257,das_work,33.00582551956177,60058,29,1
1768844292.0524704,278,das_work,48.85642147064209,60058,29,1
1768844292.0526764,282,das_work,49.40960240364075,60058,29,1
1768844292.05288,268,das_work,33.638022661209106,60058,29,1
1768844292.053204,254,das_work,48.824352502822876,60058,29,1
1768844292.053622,255,das_work,49.87010741233826,60058,29,1
1768844292.0538218,260,das_work,49.98606085777283,60058,29,1
1768844292.0540397,253,das_work,48.72245264053345,60058,29,1
1768844292.054917,265,das_work,32.71710443496704,60058,29,1
1768844292.0556622,263,das_work,49.49882221221924,60058,29,1
1768844292.0570908,264,das_work,49.50062036514282,60058,29,1
1768844292.0572877,262,das_work,49.537142276763916,60058,29,1
1768844292.05746,259,das_burn,49.56336832046509,23764,29,1
1768844292.0576887,256,das_burn,48.86595630645752,23764,29,1
1768844292.05896,258,das_work,48.61217427253723,60058,29,1
1768844292.0592427,267,das_work,49.104432821273804,60058,29,1
1768844296.5960305,256,das_mint,3.7477595806121826,23742,53,1
1768844299.9002397,259,das_mint,6.562828063964844,23742,53,1
1768844308.6693888,256,das_burn,10.807047367095947,23764,54,1
1768844312.0741603,259,das_burn,11.415420293807983,23764,54,1
1768844312.340156,255,das_work,19.379979372024536,60058,30,1
1768844312.3448167,272,das_burn,19.667529821395874,23752,30,1
1768844312.3449962,263,das_burn,19.523571491241455,23764,30,1
1768844312.3722851,274,das_work,19.787474632263184,60058,30,1
1768844312.3830664,273,das_work,19.42739486694336,60058,30,1
1768844312.3942027,253,das_work,19.706186771392822,60058,30,1
1768844312.3959332,277,das_burn,19.106492280960083,23752,30,1
1768844312.4009252,265,das_work,19.356807470321655,60058,30,1
1768844312.4177458,278,das_work,19.748433113098145,60058,30,1
1768844312.4183767,267,das_work,19.836567401885986,60058,30,1
1768844312.434423,252,das_work,19.919140100479126,60058,30,1
1768844312.4352238,275,das_work,19.91693902015686,60058,30,1
1768844312.4365985,271,das_work,19.37098002433777,60058,30,1
1768844312.436793,266,das_work,19.448527336120605,60058,30,1
1768844312.4371161,258,das_work,19.587613105773926,60058,30,1
1768844320.6453235,272,das_mint,6.965970277786255,23730,55,1
1768844324.069147,277,das_mint,10.153309345245361,23730,55,1
1768844324.089049,263,das_mint,10.346454858779907,23742,55,1
1768844332.7605016,272,das_burn,10.582950830459595,23752,56,1
1768844336.1716444,277,das_burn,11.43550181388855,23752,56,1
1768844336.1719356,263,das_burn,10.130546808242798,23764,56,1
1768844341.5615892,276,das_work,48.34128451347351,60058,31,1
1768844341.5701747,274,das_work,28.314555883407593,60058,31,1
1768844341.5704403,280,das_work,47.56033682823181,60058,31,1
1768844341.580869,278,das_work,27.896705150604248,60058,31,1
1768844341.5824177,259,das_mint,28.484719038009644,23742,31,1
1768844341.5981495,262,das_burn,48.23743391036987,23752,31,1
1768844341.5983598,275,das_work,28.597732543945312,60058,31,1
1768844341.5992522,271,das_work,28.27826976776123,60058,31,1
1768844341.601098,265,das_work,28.474849700927734,60058,31,1
1768844341.6018062,273,das_burn,27.339051723480225,23764,31,1
1768844341.6030204,254,das_burn,48.53340721130371,23764,31,1
1768844341.6200616,260,das_work,48.32191491127014,60058,31,1
1768844341.621651,258,das_burn,27.708353519439697,23752,31,1
1768844341.624438,252,das_burn,28.349578380584717,23764,31,1
1768844341.6291487,266,das_work,27.299473524093628,60058,31,1
1768844341.629906,282,das_work,47.90405821800232,60058,31,1
1768844341.6314368,264,das_burn,47.82455372810364,23764,31,1
1768844341.6349914,270,das_work,48.299471616744995,60058,31,1
1768844341.6353347,253,das_burn,27.55045771598816,23764,31,1
1768844341.6373484,257,das_work,47.7269287109375,60058,31,1
1768844341.6380963,267,das_burn,27.305908203125,23764,31,1
1768844341.638596,268,das_burn,47.96025085449219,23764,31,1
1768844341.6388745,255,das_burn,28.56544065475464,23764,31,1
1768844344.977583,264,das_mint,1.821570873260498,23742,57,1
1768844344.9803987,252,das_mint,2.7140514850616455,23742,57,1
1768844344.9807203,262,das_mint,2.483755588531494,23730,57,1
1768844344.9809263,254,das_mint,2.3216676712036133,23742,57,1
1768844345.0181253,258,das_mint,2.1065964698791504,23730,57,1
1768844345.0184608,268,das_mint,2.431980848312378,23742,57,1
1768844348.229932,273,das_mint,5.226919412612915,23742,57,1
1768844348.2705607,255,das_mint,5.296101093292236,23742,57,1
1768844348.2881444,253,das_mint,4.749237537384033,23742,57,1
1768844348.2950952,267,das_mint,4.952063083648682,23742,57,1
1768844357.234992,268,das_burn,11.70678448677063,23764,58,1
1768844357.235202,258,das_burn,10.271072387695312,23752,58,1
1768844357.293793,252,das_burn,11.010952472686768,23764,58,1
1768844357.2945592,254,das_burn,11.55394959449768,23764,58,1
1768844357.2966535,264,das_burn,11.721735715866089,23764,58,1
1768844357.3017116,262,das_burn,11.139154195785522,23752,58,1
1768844360.3984578,267,das_burn,11.333909511566162,23764,58,1
1768844360.4458926,273,das_burn,10.713484525680542,23764,58,1
1768844360.4593906,253,das_burn,10.179096698760986,23764,58,1
1768844360.4890974,255,das_burn,10.681172609329224,23764,58,1
1768844364.0745401,266,das_work,21.746607065200806,60058,32,1
1768844364.083104,271,das_work,20.87960433959961,60058,32,1
1768844364.0873194,260,das_burn,21.593608140945435,23764,32,1
1768844364.087544,280,das_burn,21.30229091644287,23764,32,1
1768844364.0889611,259,das_work,21.60672354698181,60058,32,1
1768844364.0894024,257,das_work,21.762089490890503,60058,32,1
1768844364.0896926,278,das_burn,21.095897436141968,23764,32,1
1768844364.1239567,265,das_burn,21.938374757766724,23764,32,1
1768844364.1275141,275,das_work,21.80058002471924,60058,32,1
1768844364.127936,270,das_work,21.25897526741028,60058,32,1
1768844364.1291835,276,das_work,21.36463451385498,60058,32,1
1768844364.130352,274,das_work,21.61772084236145,60058,32,1
1768844364.1729252,282,das_work,21.59405255317688,60058,32,1
1768844369.4351318,278,das_mint,4.63318395614624,23742,59,1
1768844369.4356525,260,das_mint,3.450658082962036,23742,59,1
1768844369.5062766,280,das_mint,4.224673271179199,23742,59,1
1768844372.5064545,265,das_mint,6.764950752258301,23742,59,1
1768844381.6943147,278,das_burn,11.108167886734009,23764,60,1
1768844381.7582376,280,das_burn,10.712154865264893,23764,60,1
1768844381.7613075,260,das_burn,11.057109117507935,23764,60,1
1768844382.256929,271,das_burn,17.067550659179688,23764,33,1
1768844382.2592418,275,das_work,16.34428310394287,60058,33,1
1768844382.2613564,257,das_work,17.63143253326416,60058,33,1
1768844382.2622533,259,das_work,17.28960657119751,60058,33,1
1768844382.2627518,270,das_work,16.251853466033936,60058,33,1
1768844382.2630389,274,das_work,17.276870489120483,60058,33,1
1768844382.2633262,266,das_burn,17.445149898529053,23764,33,1
1768844382.2876158,282,das_work,17.148653030395508,60058,33,1
1768844382.2886674,276,das_burn,16.960697412490845,23764,33,1
1768844384.6441197,271,das_mint,0.92494797706604,23742,60,1
1768844384.665302,265,das_burn,10.79717493057251,23764,60,1
1768844393.8429322,266,das_mint,10.013378620147705,23742,61,1
1768844393.8654718,276,das_mint,10.415873050689697,23742,61,1
1768844396.7051783,271,das_burn,10.893051147460938,23764,61,1
1768844399.6924033,260,das_mint,17.18255853652954,23742,34,1
1768844399.6991193,259,das_work,16.273210048675537,60058,34,1
1768844399.699606,275,das_work,15.742187976837158,60058,34,1
1768844399.7001128,278,das_mint,17.492454051971436,23742,34,1
1768844399.7045476,274,das_work,15.65734076499939,60058,34,1
1768844399.7066069,280,das_mint,17.041553020477295,23742,34,1
1768844399.7076163,257,das_burn,16.479082822799683,23764,34,1
1768844399.7382483,282,das_burn,15.496391296386719,23764,34,1
1768844399.744195,265,das_mint,13.559053659439087,23742,34,1
1768844399.7443712,270,das_burn,16.345088481903076,23764,34,1
1768844406.1739213,270,das_mint,4.937624931335449,23742,62,1
1768844406.1741953,266,das_burn,10.38755464553833,23764,62,1
1768844406.1996598,282,das_mint,4.764595985412598,23742,62,1
1768844406.2455385,276,das_burn,11.169655799865723,23764,62,1
1768844408.7544384,257,das_mint,7.275108814239502,23742,62,1
1768844418.293159,282,das_burn,11.234343767166138,23764,63,1
1768844418.3355486,270,das_burn,11.318950653076172,23764,63,1
1768844418.422193,266,das_mint,11.523725032806396,23742,35,1
1768844418.426526,260,das_work,17.075629949569702,60058,35,1
1768844418.4269915,276,das_mint,10.28630018234253,23742,35,1
1768844418.4424272,275,das_burn,18.099352598190308,23764,35,1
1768844418.4537683,280,das_work,18.00103783607483,60058,35,1
1768844418.4694412,274,das_burn,16.953771352767944,23764,35,1
1768844418.4756258,265,das_work,18.14178776741028,60058,35,1
1768844418.4760916,259,das_work,16.932483911514282,60058,35,1
1768844418.4763107,278,das_work,17.182953596115112,60058,35,1
1768844420.8870802,257,das_burn,11.303658723831177,23764,63,1
1768844420.8908956,275,das_mint,1.9200551509857178,23742,63,1
1768844430.368987,274,das_mint,10.066697359085083,23742,64,1
1768844432.9928849,275,das_burn,10.575419902801514,23764,64,1
1768844438.4334133,256,das_mint,128.76546812057495,23742,36,1
1768844438.442682,270,das_mint,18.655023336410522,23742,36,1
1768844438.4429243,265,das_work,18.646702527999878,60058,36,1
1768844438.443205,257,das_mint,16.931341886520386,23742,36,1
1768844438.4439483,260,das_work,18.433472394943237,60058,36,1
1768844438.475126,276,das_work,19.270899295806885,60058,36,1
1768844438.475991,259,das_work,18.366478443145752,60058,36,1
1768844438.4767268,282,das_mint,19.570642232894897,23742,36,1
1768844438.4813323,266,das_work,18.81637477874756,60058,36,1
1768844438.4816651,280,das_work,19.496257305145264,60058,36,1
1768844438.4824657,278,das_work,18.05353331565857,60058,36,1
1768844442.3643699,274,das_burn,11.204902410507202,23764,65,1
1768844460.2634797,281,das_mint,376.40151262283325,23742,37,1
1768844460.2638035,260,das_work,20.69279956817627,60058,37,1
1768844460.2658048,276,das_work,20.476543426513672,60058,37,1
1768844460.2685235,261,das_mint,375.68310165405273,23742,37,1
1768844460.2691278,259,das_burn,21.1208553314209,23764,37,1
1768844460.2730432,257,das_work,21.31628704071045,60058,37,1
1768844460.288864,265,das_work,20.060864210128784,60058,37,1
1768844460.2894313,278,das_work,21.212291717529297,60058,37,1
1768844460.289633,282,das_work,20.02424120903015,60058,37,1
1768844460.3112757,256,das_work,20.033144235610962,60058,37,1
1768844460.312527,274,das_mint,16.904032945632935,23742,37,1
1768844460.3168805,270,das_work,21.261387825012207,60058,37,1
1768844460.317764,280,das_work,20.375539302825928,60058,37,1
1768844460.3225825,269,das_mint,376.61630415916443,23742,37,1
1768844460.3244264,266,das_work,20.41743516921997,60058,37,1
1768844460.3246393,279,das_mint,375.70401263237,23742,37,1
1768844469.3064632,259,das_mint,7.239806175231934,23742,67,1
1768844481.4975228,259,das_burn,10.85542345046997,23764,68,1
1768844482.9753425,270,das_work,21.53783869743347,60058,38,1
1768844482.97562,276,das_work,21.84730362892151,60058,38,1
1768844482.9797907,260,das_work,22.115635871887207,60058,38,1
1768844482.9800313,265,das_work,21.648614645004272,60058,38,1
1768844482.980605,278,das_work,20.723439693450928,60058,38,1
1768844482.980829,256,das_work,21.100247144699097,60058,38,1
1768844482.9852836,280,das_work,20.865033388137817,60058,38,1
1768844482.9857366,279,das_work,20.98130965232849,60058,38,1
1768844482.9860358,269,das_work,21.383180379867554,60058,38,1
1768844483.0038695,257,das_work,21.473442792892456,60058,38,1
1768844483.0080087,261,das_work,21.043171167373657,60058,38,1
1768844483.0101962,281,das_work,21.549731492996216,60058,38,1
1768844483.0105364,266,das_work,20.814196825027466,60058,38,1
1768844483.010881,282,das_work,20.924870252609253,60058,38,1
1768844483.0389335,274,das_work,20.743896484375,60058,38,1
1768844505.6431859,280,das_work,20.690601110458374,60058,39,1
1768844505.6610012,270,das_work,21.813416719436646,60058,39,1
1768844505.6619444,265,das_work,20.7605037689209,60058,39,1
1768844505.6627762,257,das_work,21.0608172416687,60058,39,1
1768844505.6629739,261,das_work,21.033875226974487,60058,39,1
1768844505.6631963,266,das_work,22.105434894561768,60058,39,1
1768844505.663502,276,das_work,21.49164605140686,60058,39,1
1768844505.7199354,279,das_work,21.90278458595276,60058,39,1
1768844505.7201297,281,das_work,21.74653458595276,60058,39,1
1768844505.7215512,260,das_work,21.701539039611816,60058,39,1
1768844505.7222753,256,das_work,21.38908624649048,60058,39,1
1768844505.725996,282,das_work,21.383822441101074,60058,39,1
1768844505.7338028,274,das_work,21.85289239883423,60058,39,1
1768844505.734015,278,das_work,21.534512996673584,60058,39,1
1768844505.738447,269,das_work,21.289077520370483,60058,39,1
1768844505.7386854,259,das_mint,22.490166425704956,23742,39,1
1768844526.106373,257,das_work,18.70660924911499,60058,40,1
1768844526.1234443,279,das_work,18.452382564544678,60058,40,1
1768844526.123763,256,das_work,19.102545261383057,60058,40,1
1768844526.1248333,259,das_work,18.617698907852173,60058,40,1
1768844526.125532,274,das_work,18.80197024345398,60058,40,1
1768844526.1258626,280,das_burn,18.92090606689453,23764,40,1
1768844526.1863005,261,das_work,18.717502117156982,60058,40,1
1768844526.1873894,276,das_work,18.596866130828857,60058,40,1
1768844526.1895409,270,das_work,19.38299798965454,60058,40,1
1768844526.190471,266,das_work,19.598244667053223,60058,40,1
1768844526.1913595,260,das_burn,19.337279081344604,23764,40,1
1768844526.1917236,281,das_work,19.65404963493347,60058,40,1
1768844526.1919293,278,das_burn,19.872307538986206,23764,40,1
1768844526.1925623,265,das_burn,19.035051345825195,23764,40,1
1768844526.1927598,282,das_work,19.79343819618225,60058,40,1
1768844526.192957,269,das_work,18.646029233932495,60058,40,1
1768844529.6668172,265,das_mint,2.583324432373047,23742,72,1
1768844538.7429197,260,das_mint,10.634294986724854,23742,73,1
1768844538.7800243,280,das_mint,11.622361183166504,23742,73,1
1768844538.783106,278,das_mint,11.70662808418274,23742,73,1
1768844541.7382326,265,das_burn,10.408173084259033,23764,73,1
1768844543.7820714,269,das_work,16.532635927200317,60058,41,1
1768844543.7825177,266,das_burn,16.153287649154663,23764,41,1
1768844543.7935781,276,das_burn,15.739510774612427,23764,41,1
1768844543.7939434,270,das_work,16.435750484466553,60058,41,1
1768844543.8078027,279,das_work,17.031641244888306,60058,41,1
1768844543.8154752,261,das_work,15.705712795257568,60058,41,1
1768844543.81626,274,das_work,15.961688041687012,60058,41,1
1768844543.817129,256,das_work,15.754027605056763,60058,41,1
1768844543.8184307,282,das_work,16.1853928565979,60058,41,1
1768844543.8320396,257,das_work,15.975462436676025,60058,41,1
1768844543.8453805,259,das_work,16.56134867668152,60058,41,1
1768844543.8457353,281,das_work,15.747121810913086,60058,41,1
1768844551.2449,278,das_burn,11.345016479492188,23764,74,1
1768844551.2616222,276,das_mint,5.694230794906616,23742,74,1
1768844551.2725713,266,das_mint,5.582587242126465,23742,74,1
1768844551.2756734,260,das_burn,11.556706666946411,23764,74,1
1768844551.2794833,280,das_burn,11.814046859741211,23764,74,1
1768844560.748126,279,das_work,15.979799270629883,60058,42,1
1768844560.7503967,256,das_burn,16.229908227920532,23764,42,1
1768844560.7526233,270,das_burn,15.873296976089478,23764,42,1
1768844560.7531745,257,das_burn,16.25143337249756,23764,42,1
1768844560.7533815,259,das_work,15.759621381759644,60058,42,1
1768844560.781873,274,das_work,16.116310596466064,60058,42,1
1768844560.8178473,280,das_mint,8.720618963241577,23742,42,1
1768844560.8208976,269,das_work,16.437100410461426,60058,42,1
1768844560.8213074,275,das_mint,126.57954168319702,23742,42,1
1768844560.8216565,278,das_mint,7.602721691131592,23742,42,1
1768844560.8393092,260,das_mint,7.65256929397583,23742,42,1
1768844560.8396974,261,das_work,15.72713589668274,60058,42,1
1768844560.8448098,281,das_work,15.242664098739624,60058,42,1
1768844560.847137,282,das_burn,16.327420949935913,23764,42,1
1768844563.5534575,282,das_mint,1.9864299297332764,23742,75,1
1768844563.5782473,270,das_mint,1.460162878036499,23742,75,1
1768844563.6162224,276,das_burn,11.647172451019287,23764,75,1
1768844563.6164706,266,das_burn,11.425625085830688,23764,75,1
1768844563.6285253,256,das_mint,1.0708119869232178,23742,75,1
1768844565.7974973,257,das_mint,4.26740574836731,23742,75,1
1768844575.7418034,270,das_burn,11.107213020324707,23764,76,1
1768844575.7420743,282,das_burn,11.657002687454224,23764,76,1
1768844575.7429128,256,das_burn,11.02282977104187,23764,76,1
1768844577.8742473,257,das_burn,11.109883069992065,23764,76,1
1768844579.4274206,260,das_work,17.166517972946167,60058,43,1
1768844579.4288268,275,das_work,16.969234704971313,60058,43,1
1768844579.4386554,278,das_work,16.830363750457764,60058,43,1
1768844579.4423168,279,das_burn,17.142767190933228,23764,43,1
1768844579.44292,269,das_burn,16.763647317886353,23764,43,1
1768844579.4451735,276,das_mint,15.026662826538086,23742,43,1
1768844579.4455276,281,das_burn,17.37332010269165,23764,43,1
1768844579.4482675,259,das_work,17.273625135421753,60058,43,1
1768844579.4530451,274,das_burn,17.98727536201477,23764,43,1
1768844579.45338,266,das_mint,14.653664350509644,23742,43,1
1768844579.455711,280,das_work,17.837970495224,60058,43,1
1768844579.4562228,261,das_burn,17.484981775283813,23764,43,1
1768844587.7357068,274,das_mint,6.2878522872924805,23742,77,1
1768844589.9882174,269,das_mint,8.662014484405518,23742,77,1
1768844589.9884782,261,das_mint,9.369876861572266,23742,77,1
1768844590.028045,281,das_mint,9.569703102111816,23742,77,1
1768844590.0282838,279,das_mint,8.870532274246216,23742,77,1
1768844598.3144095,257,das_mint,18.96170711517334,23742,44,1
1768844598.3274937,275,das_work,17.33714199066162,60058,44,1
1768844598.3287032,276,das_work,18.020434379577637,60058,44,1
1768844598.3291876,278,das_work,16.986329078674316,60058,44,1
1768844598.333734,260,das_work,17.710633754730225,60058,44,1
1768844598.336226,280,das_work,17.87240195274353,60058,44,1
1768844598.3366148,266,das_work,18.34992527961731,60058,44,1
1768844598.3369026,259,das_work,17.61951994895935,60058,44,1
1768844599.7470267,274,das_burn,10.591050148010254,23764,78,1
1768844602.1945782,279,das_burn,11.02460503578186,23764,78,1
1768844602.21517,261,das_burn,10.458541631698608,23764,78,1
1768844602.2222333,281,das_burn,10.926832437515259,23764,78,1
1768844602.2225554,269,das_burn,10.72512674331665,23764,78,1
1768844622.3005137,274,das_mint,20.66027331352234,23742,45,1
1768844622.3024256,278,das_work,22.533265829086304,60058,45,1
1768844622.3030705,253,das_mint,260.1871509552002,23742,45,1
1768844622.304225,252,das_mint,263.2165141105652,23742,45,1
1768844622.3047366,255,das_mint,261.10039234161377,23742,45,1
1768844622.3051538,275,das_work,23.25530457496643,60058,45,1
1768844622.3054345,280,das_work,22.886647701263428,60058,45,1
1768844622.3057163,273,das_mint,260.3599548339844,23742,45,1
1768844622.3144312,261,das_mint,19.55003333091736,23742,45,1
1768844622.3147557,264,das_mint,263.2396719455719,23742,45,1
1768844622.3262465,266,das_work,22.04031753540039,60058,45,1
1768844622.3277476,254,das_mint,263.54760003089905,23742,45,1
1768844622.3279455,279,das_mint,19.618630170822144,23742,45,1
1768844622.332661,276,das_work,22.45659875869751,60058,45,1
1768844622.3332977,281,das_mint,19.144527673721313,23742,45,1
1768844622.3336236,258,das_mint,264.28705763816833,23730,45,1
1768844622.3339822,269,das_mint,19.330082893371582,23742,45,1
1768844622.33441,267,das_mint,259.94221568107605,23742,45,1
1768844622.3349516,260,das_work,23.09069514274597,60058,45,1
1768844622.335514,259,das_burn,22.263738870620728,23764,45,1
1768844622.335804,257,das_work,22.559531450271606,60058,45,1
1768844622.369159,268,das_mint,263.6345024108887,23742,45,1
1768844622.3696244,262,das_mint,264.2525143623352,23730,45,1
1768844626.2990062,259,das_mint,2.8582370281219482,23742,80,1
1768844638.3350217,259,das_burn,10.049686431884766,23764,81,1
1768844638.5836916,279,das_work,15.700181722640991,60058,46,1
1768844638.5915995,274,das_work,15.711144208908081,60058,46,1
1768844638.5937102,269,das_work,15.586898565292358,60058,46,1
1768844638.632882,276,das_work,15.663233041763306,60058,46,1
1768844670.1386244,254,das_work,46.220792055130005,60058,47,1
1768844670.143174,258,das_work,46.873939752578735,60058,47,1
1768844670.1472232,273,das_work,46.15009641647339,60058,47,1
1768844670.155623,268,das_work,45.79114603996277,60058,47,1
1768844670.1579657,253,das_work,46.29613280296326,60058,47,1
1768844670.1581812,279,das_work,30.865283489227295,60058,47,1
1768844670.1585078,271,das_mint,271.8774471282959,23742,47,1
1768844670.159615,267,das_work,46.62577724456787,60058,47,1
1768844670.1783197,280,das_work,46.634328842163086,60058,47,1
1768844670.1857986,275,das_work,47.12790870666504,60058,47,1
1768844670.190722,255,das_work,46.50341057777405,60058,47,1
1768844670.1964078,264,das_work,46.06791973114014,60058,47,1
1768844670.1974864,266,das_work,47.0014705657959,60058,47,1
1768844670.198862,278,das_work,46.613617181777954,60058,47,1
1768844670.2008734,259,das_mint,30.091959476470947,23742,47,1
1768844670.2031312,260,das_work,46.747652769088745,60058,47,1
1768844670.2048333,261,das_work,46.167325496673584,60058,47,1
1768844670.2090454,274,das_work,30.93227791786194,60058,47,1
1768844670.209912,276,das_work,29.87313961982727,60058,47,1
1768844670.2104447,252,das_work,46.14616417884827,60058,47,1
1768844670.2131531,281,das_work,47.12372374534607,60058,47,1
1768844670.2136328,257,das_work,46.994935274124146,60058,47,1
1768844670.2138333,269,das_work,29.970451831817627,60058,47,1
1768844670.214025,262,das_work,46.958092212677,60058,47,1
1768844686.4743237,273,das_work,15.719083070755005,60058,48,1
1768844686.490134,276,das_work,15.760755777359009,60058,48,1
1768844686.5037985,254,das_work,15.676413774490356,60058,48,1
1768844722.5836358,260,das_work,50.71744656562805,60058,49,1
1768844722.589906,252,das_work,50.61566138267517,60058,49,1
1768844722.592078,274,das_work,51.433005809783936,60058,49,1
1768844722.596043,282,das_mint,145.6158390045166,23742,49,1
1768844722.5964584,263,das_mint,385.6443555355072,23742,49,1
1768844722.601399,256,das_mint,146.096173286438,23742,49,1
1768844722.6036022,281,das_work,51.07988691329956,60058,49,1
1768844722.6046865,280,das_work,50.82805275917053,60058,49,1
1768844722.6052313,264,das_work,50.65990662574768,60058,49,1
1768844722.6070313,276,das_burn,34.69689679145813,23764,49,1
1768844722.6072962,254,das_work,34.37034463882446,60058,49,1
1768844722.6137857,259,das_work,50.9309868812561,60058,49,1
1768844722.6180344,279,das_work,50.84643840789795,60058,49,1
1768844722.6217277,257,das_work,50.44240403175354,60058,49,1
1768844722.6391568,258,das_work,50.72291302680969,60058,49,1
1768844722.639473,272,das_mint,389.2691216468811,23730,49,1
1768844722.6431572,270,das_mint,145.75384855270386,23742,49,1
1768844722.6474144,273,das_work,34.92006969451904,60058,49,1
1768844722.648345,271,das_work,51.1847722530365,60058,49,1
1768844722.6533034,275,das_work,51.368396520614624,60058,49,1
1768844722.653663,253,das_work,51.69342541694641,60058,49,1
1768844722.6557527,268,das_work,50.882649183273315,60058,49,1
1768844722.6562867,267,das_work,51.14010286331177,60058,49,1
1768844722.6566136,255,das_work,50.493328332901,60058,49,1
1768844722.657751,262,das_work,50.65037250518799,60058,49,1
1768844722.658145,261,das_work,51.64046883583069,60058,49,1
1768844722.6584368,269,das_work,51.28146576881409,60058,49,1
1768844722.6625762,266,das_work,51.298704862594604,60058,49,1
1768844722.6628883,278,das_work,51.53750514984131,60058,49,1
1768844731.988174,276,das_mint,8.823846101760864,23742,89,1
1768844739.1376348,275,das_burn,15.791009902954102,23764,50,1
1768844744.1680186,276,das_burn,11.552560567855835,23764,90,1
1768844746.6399524,275,das_mint,6.77310848236084,23742,90,1
1768844758.6416178,275,das_burn,10.153397798538208,23764,91,1
1768844772.5566072,257,das_work,48.76668119430542,60058,51,1
1768844772.5641885,282,das_work,48.83876395225525,60058,51,1
1768844772.5690968,258,das_work,48.50054860115051,60058,51,1
1768844772.579176,273,das_work,49.07965540885925,60058,51,1
1768844772.5818315,252,das_work,48.78789949417114,60058,51,1
1768844772.5879788,272,das_work,49.02459001541138,60058,51,1
1768844772.5889564,261,das_work,47.95671844482422,60058,51,1
1768844772.5895019,271,das_work,48.39129304885864,60058,51,1
1768844772.5899649,274,das_work,48.830008029937744,60058,51,1
1768844772.5935404,281,das_work,48.43450355529785,60058,51,1
1768844772.5957062,264,das_work,49.1315016746521,60058,51,1
1768844772.6140423,256,das_work,49.019460678100586,60058,51,1
1768844772.6226163,270,das_work,48.779386043548584,60058,51,1
1768844772.6229017,254,das_work,49.037943840026855,60058,51,1
1768844772.6236634,268,das_work,48.64473247528076,60058,51,1
1768844772.6241782,279,das_work,49.05371856689453,60058,51,1
1768844772.6246026,280,das_burn,48.02848434448242,23764,51,1
1768844772.6447537,276,das_mint,27.879430532455444,23742,51,1
1768844772.6451542,255,das_work,48.25560760498047,60058,51,1
1768844772.6462529,259,das_work,48.186527729034424,60058,51,1
1768844772.6471326,267,das_work,48.24646258354187,60058,51,1
1768844772.6490083,260,das_burn,48.167240142822266,23764,51,1
1768844772.649521,266,das_work,48.00173997879028,60058,51,1
1768844772.655644,269,das_work,49.00991773605347,60058,51,1
1768844772.6558254,262,das_work,48.17087984085083,60058,51,1
1768844772.6610112,253,das_work,48.06601142883301,60058,51,1
1768844772.6614928,278,das_burn,48.986175775527954,23764,51,1
1768844772.6618788,263,das_work,49.22331476211548,60058,51,1
1768844780.3071876,280,das_mint,6.497969627380371,23742,93,1
1768844780.332079,260,das_mint,6.706145763397217,23742,93,1
1768844780.3714442,278,das_mint,7.084490060806274,23742,93,1
1768844789.2188084,274,das_work,15.850730180740356,60058,52,1
1768844789.239158,261,das_work,16.0030300617218,60058,52,1
1768844792.6168249,278,das_burn,11.493200778961182,23764,94,1
1768844792.6693413,280,das_burn,10.472609043121338,23764,94,1
1768844792.6696892,260,das_burn,10.492002725601196,23764,94,1
1768844821.5162327,278,das_mint,27.46656608581543,23742,53,1
1768844821.5179348,261,das_work,30.97524118423462,60058,53,1
1768844821.5190973,266,das_burn,46.91859555244446,23764,53,1
1768844821.5271401,279,das_work,47.15876507759094,60058,53,1
1768844821.5304892,259,das_work,47.38547134399414,60058,53,1
1768844821.532592,258,das_work,46.96672821044922,60058,53,1
1768844821.5346234,271,das_work,47.187313079833984,60058,53,1
1768844821.536882,264,das_work,47.42953634262085,60058,53,1
1768844821.5407896,268,das_work,47.14718222618103,60058,53,1
1768844821.5506513,253,das_work,47.31690788269043,60058,53,1
1768844821.552274,252,das_work,47.004021883010864,60058,53,1
1768844821.5525906,272,das_work,47.58569836616516,60058,53,1
1768844821.5556083,276,das_work,47.63174319267273,60058,53,1
1768844821.5567563,260,das_mint,27.809230089187622,23742,53,1
1768844821.5570421,274,das_burn,31.512581825256348,23764,53,1
1768844821.5684643,263,das_work,47.43176078796387,60058,53,1
1768844821.57269,267,das_work,47.16535043716431,60058,53,1
1768844821.5736465,255,das_work,47.15520620346069,60058,53,1
1768844821.5740447,257,das_work,47.09626340866089,60058,53,1
1768844821.5743284,269,das_work,47.095538854599,60058,53,1
1768844821.5766237,256,das_work,47.296751260757446,60058,53,1
1768844821.5769382,254,das_work,47.93458843231201,60058,53,1
1768844821.5909324,280,das_mint,27.798388719558716,23742,53,1
1768844821.5957656,281,das_work,47.6223087310791,60058,53,1
1768844821.597091,273,das_work,48.158416986465454,60058,53,1
1768844821.6016188,270,das_work,47.91299557685852,60058,53,1
1768844821.6028929,262,das_work,46.95932698249817,60058,53,1
1768844821.6031833,282,das_work,47.36169648170471,60058,53,1
1768844828.7960715,266,das_mint,6.759199380874634,23742,97,1
1768844828.796338,274,das_mint,6.237764596939087,23742,97,1
1768844837.881748,278,das_work,15.560537338256836,60058,54,1
1768844837.885699,260,das_work,15.775617599487305,60058,54,1
1768844837.9360828,259,das_work,15.721486330032349,60058,54,1
1768844837.9365053,268,das_work,15.611814022064209,60058,54,1
1768844837.960701,261,das_burn,15.89965534210205,23764,54,1
1768844840.8767672,266,das_burn,10.445943832397461,23764,98,1
1768844843.048556,261,das_mint,3.868448495864868,23742,98,1
1768844854.9864156,261,das_burn,10.604434251785278,23764,99,1
1768844870.8476892,263,das_work,47.96851086616516,60058,55,1
1768844870.8494644,276,das_work,47.31021547317505,60058,55,1
1768844870.8540606,281,das_work,48.00373458862305,60058,55,1
1768844870.85644,273,das_burn,47.959019899368286,23764,55,1
1768844870.8567793,267,das_work,48.383780002593994,60058,55,1
1768844870.8570833,264,das_work,47.907097578048706,60058,55,1
1768844870.8804529,269,das_burn,48.509231090545654,23764,55,1
1768844870.8878417,272,das_work,48.13580536842346,60058,55,1
1768844870.889681,260,das_work,32.361265897750854,60058,55,1
1768844870.892162,256,das_work,47.82034254074097,60058,55,1
1768844870.8934872,252,das_work,47.61310839653015,60058,55,1
1768844870.907402,255,das_work,48.32966589927673,60058,55,1
1768844870.9155827,270,das_work,47.39842867851257,60058,55,1
1768844870.9184923,282,das_work,47.669909715652466,60058,55,1
1768844870.9194326,266,das_mint,29.40001940727234,23742,55,1
1768844870.922003,279,das_burn,48.39102125167847,23764,55,1
1768844870.922826,262,das_work,47.46163773536682,60058,55,1
1768844870.9232354,259,das_work,32.06050181388855,60058,55,1
1768844870.9234738,257,das_burn,47.8089702129364,23764,55,1
1768844870.9239283,254,das_burn,48.43220615386963,23764,55,1
1768844870.9241407,278,das_work,32.487409830093384,60058,55,1
1768844870.937367,253,das_work,47.795334577560425,60058,55,1
1768844870.9438772,271,das_work,48.45468068122864,60058,55,1
1768844870.9447992,268,das_burn,32.47048044204712,23764,55,1
1768844870.9457486,258,das_work,47.479530334472656,60058,55,1
1768844870.9466903,280,das_work,48.53589868545532,60058,55,1
1768844877.0192237,268,das_mint,4.508522272109985,23742,101,1
1768844877.0424855,254,das_mint,4.917053699493408,23742,101,1
1768844879.1706583,273,das_mint,6.451679468154907,23742,101,1
1768844879.1881723,269,das_mint,7.05510687828064,23742,101,1
1768844879.232749,257,das_mint,7.44195556640625,23742,101,1
1768844879.2330596,279,das_mint,6.686169385910034,23742,101,1
1768844889.1945677,268,das_burn,10.897893905639648,23764,102,1
1768844889.196386,254,das_burn,11.042020559310913,23764,102,1
1768844891.3877687,273,das_burn,10.754214525222778,23764,102,1
1768844891.3903742,257,das_burn,10.20975112915039,23764,102,1
1768844891.4169278,269,das_burn,11.395434141159058,23764,102,1
1768844891.4286568,279,das_burn,10.805800437927246,23764,102,1
1768844897.20824,282,das_work,25.353315114974976,60058,56,1
1768844897.2085195,280,das_work,25.561696529388428,60058,56,1
1768844897.2102785,255,das_burn,25.174479722976685,23764,56,1
1768844897.2105572,264,das_burn,24.425703525543213,23764,56,1
1768844897.2294955,258,das_burn,25.089935302734375,23752,56,1
1768844897.2302365,275,das_mint,137.23349165916443,23742,56,1
1768844897.233595,276,das_work,24.7545268535614,60058,56,1
1768844897.2338972,270,das_work,24.41189169883728,60058,56,1
1768844897.2521803,253,das_burn,25.39636206626892,23764,56,1
1768844897.2533886,267,das_burn,25.461706161499023,23764,56,1
1768844897.2544315,262,das_burn,25.774518966674805,23752,56,1
1768844897.2673285,259,das_burn,24.933003187179565,23764,56,1
1768844897.268391,260,das_work,24.7513747215271,60058,56,1
1768844897.2693686,263,das_work,25.58740544319153,60058,56,1
1768844897.2701313,252,das_burn,24.407976388931274,23764,56,1
1768844897.2740571,256,das_work,24.45700478553772,60058,56,1
1768844897.2991428,278,das_work,25.70737338066101,60058,56,1
1768844897.2995274,271,das_work,24.586315870285034,60058,56,1
1768844897.3000898,266,das_work,25.21581745147705,60058,56,1
1768844897.3003294,272,das_work,24.714731454849243,60058,56,1
1768844897.300674,281,das_burn,25.647100687026978,23764,56,1
1768844901.3134336,252,das_mint,2.3422229290008545,23742,103,1
1768844901.360858,258,das_mint,3.457794666290283,23730,103,1
1768844901.3619337,262,das_mint,2.438596248626709,23730,103,1
1768844901.363175,264,das_mint,3.2678933143615723,23742,103,1
1768844903.6000588,267,das_mint,5.492717981338501,23742,103,1
1768844903.6070664,253,das_mint,5.0393431186676025,23742,103,1
1768844903.607283,255,das_mint,4.840293645858765,23742,103,1
1768844903.607589,259,das_mint,4.8196635246276855,23742,103,1
1768844903.6417642,281,das_mint,4.466141223907471,23742,103,1
1768844913.4560976,262,das_burn,10.913367748260498,23752,104,1
1768844913.4914198,264,das_burn,11.444684982299805,23764,104,1
1768844913.4916892,252,das_burn,10.61029839515686,23764,104,1
1768844913.5209484,258,das_burn,11.518043994903564,23752,104,1
1768844915.8006365,255,das_burn,10.400635957717896,23764,104,1
1768844915.8649879,267,das_burn,10.756146430969238,23764,104,1
1768844915.8654084,259,das_burn,10.766991138458252,23764,104,1
1768844915.8839788,281,das_burn,11.183934926986694,23764,104,1
1768844915.8843293,253,das_burn,10.541399955749512,23764,104,1
1768844919.1023655,276,das_work,21.182451248168945,60058,57,1
1768844919.1031778,272,das_work,20.769763469696045,60058,57,1
1768844919.1054828,256,das_work,20.28965973854065,60058,57,1
1768844919.1072521,280,das_work,20.834503173828125,60058,57,1
1768844919.1510165,271,das_burn,21.173901081085205,23764,57,1
1768844919.1541479,260,das_work,20.27055525779724,60058,57,1
1768844919.161066,282,das_work,20.745820999145508,60058,57,1
1768844919.1617053,266,das_work,20.612623691558838,60058,57,1
1768844919.1710162,265,das_mint,376.01097559928894,23742,57,1
1768844919.17302,263,das_work,20.83258581161499,60058,57,1
1768844919.174164,275,das_work,21.37276339530945,60058,57,1
1768844919.17456,278,das_work,20.615437746047974,60058,57,1
1768844919.1747487,270,das_work,20.305060386657715,60058,57,1
1768844927.8789546,271,das_mint,7.489298343658447,23742,105,1
1768844938.4393713,265,das_work,18.088539123535156,60058,58,1
1768844938.4440372,282,das_burn,17.66401958465576,23764,58,1
1768844938.4452956,270,das_burn,18.356985569000244,23764,58,1
1768844938.4477112,263,das_burn,17.765888929367065,23764,58,1
1768844938.4485946,280,das_work,18.174742221832275,60058,58,1
1768844938.4670107,278,das_work,18.68822431564331,60058,58,1
1768844938.4683785,272,das_burn,17.678308725357056,23752,58,1
1768844938.4778469,275,das_work,18.766942501068115,60058,58,1
1768844938.4804645,266,das_work,17.519139766693115,60058,58,1
1768844938.483807,256,das_burn,18.046624183654785,23764,58,1
1768844938.4840214,260,das_work,18.573869943618774,60058,58,1
1768844938.4842286,276,das_work,17.96332859992981,60058,58,1
1768844940.0306997,263,das_mint,1.04154634475708,23742,106,1
1768844940.101674,271,das_burn,10.302679061889648,23764,106,1
1768844940.1944785,277,das_mint,600,0,-1,0
1768844949.7617793,272,das_mint,10.188096284866333,23730,107,1
1768844949.81696,282,das_mint,10.682841777801514,23742,107,1
1768844949.8171885,256,das_mint,9.93153190612793,23742,107,1
1768844949.8262167,270,das_mint,9.605889320373535,23742,107,1
1768844952.0845442,277,das_burn,11.889795541763306,23752,107,1
1768844952.1489778,263,das_burn,10.167873859405518,23764,107,1
1768844957.6862202,276,das_burn,18.21890902519226,23764,59,1
1768844957.687221,266,das_work,18.144484043121338,60058,59,1
1768844957.6874356,271,das_mint,16.0029354095459,23742,59,1
1768844957.687752,260,das_burn,18.157848119735718,23764,59,1
1768844957.7209322,265,das_work,17.78033471107483,60058,59,1
1768844957.721233,275,das_work,17.522679805755615,60058,59,1
1768844957.7215548,280,das_work,17.909202337265015,60058,59,1
1768844957.78049,278,das_burn,17.991732597351074,23764,59,1
1768844961.9039612,256,das_burn,10.826777935028076,23764,108,1
1768844961.9154994,272,das_burn,10.294322729110718,23752,108,1
1768844961.9158435,278,das_mint,2.488048791885376,23742,108,1
1768844961.9162366,260,das_mint,3.3303208351135254,23742,108,1
1768844961.917279,276,das_mint,3.4801836013793945,23742,108,1
1768844961.954448,270,das_burn,10.404999017715454,23764,108,1
1768844961.9715059,282,das_burn,10.611952304840088,23764,108,1
1768844976.5718994,265,das_work,17.17298150062561,60058,60,1
1768844976.5812259,271,das_work,16.91177797317505,60058,60,1
1768844976.584175,280,das_burn,18.21487307548523,23764,60,1
1768844976.584637,275,das_work,17.46830177307129,60058,60,1
1768844976.585018,256,das_mint,13.932274341583252,23742,60,1
1768844976.5956593,282,das_mint,13.120444774627686,23742,60,1
1768844976.6037521,266,das_work,17.79164171218872,60058,60,1
1768844976.6040015,270,das_mint,12.91572380065918,23742,60,1
1768844976.6050596,272,das_mint,13.089153528213501,23730,60,1
1768844986.1367896,280,das_mint,8.385228633880615,23742,110,1
1768844993.949939,265,das_work,16.11201286315918,60058,61,1
1768844993.953078,256,das_work,16.451049327850342,60058,61,1
1768844993.953339,282,das_work,16.65381932258606,60058,61,1
1768844993.9536314,270,das_work,15.887884378433228,60058,61,1
1768844993.953853,275,das_work,16.30561661720276,60058,61,1
1768844994.0246942,266,das_burn,16.302814245224,23764,61,1
1768844994.0335932,261,das_mint,137.75070548057556,23742,61,1
1768844994.034046,272,das_work,16.798404932022095,60058,61,1
1768844994.0342498,271,das_work,15.773656129837036,60058,61,1
1768844998.2187138,266,das_mint,2.502372980117798,23742,111,1
1768845010.8213673,270,das_work,16.341180086135864,60058,62,1
1768845010.822576,265,das_work,15.64431357383728,60058,62,1
1768845010.8237598,256,das_work,15.25670862197876,60058,62,1
1768845010.82703,275,das_burn,15.53800916671753,23764,62,1
1768845010.8283565,261,das_work,16.03740382194519,60058,62,1
1768845010.8287477,272,das_work,15.777968406677246,60058,62,1
1768845010.8289533,282,das_work,15.99158239364624,60058,62,1
1768845010.833075,271,das_work,15.47986388206482,60058,62,1
1768845012.3658812,275,das_mint,0.9879879951477051,23742,112,1
1768845024.447502,275,das_burn,10.946032762527466,23764,113,1
1768845028.6761172,269,das_mint,136.12592840194702,23742,63,1
1768845028.676418,272,das_work,15.918971061706543,60058,63,1
1768845028.6766415,273,das_mint,136.25960159301758,23742,63,1
1768845028.7043364,270,das_work,16.917848348617554,60058,63,1
1768845028.7048028,279,das_mint,135.3370077610016,23742,63,1
1768845028.7507365,256,das_work,16.475984811782837,60058,63,1
1768845028.752006,257,das_mint,135.60873007774353,23742,63,1
1768845028.7558057,282,das_work,16.589539051055908,60058,63,1
1768845028.7561824,271,das_work,16.748296976089478,60058,63,1
1768845028.756402,265,das_burn,17.114473819732666,23764,63,1
1768845028.7702606,261,das_work,16.8771653175354,60058,63,1
1768845036.5078108,265,das_mint,6.572312593460083,23742,114,1
1768845048.6822321,265,das_burn,11.076228618621826,23764,115,1
1768845051.6576848,262,das_mint,137.6775050163269,23730,64,1
1768845051.6605296,267,das_mint,134.3890507221222,23742,64,1
1768845051.661364,258,das_mint,136.88761043548584,23730,64,1
1768845051.6645274,255,das_mint,134.81440496444702,23742,64,1
1768845051.6690588,261,das_work,21.466533422470093,60058,64,1
1768845051.672132,273,das_work,21.79123306274414,60058,64,1
1768845051.6725125,252,das_mint,137.18805503845215,23742,64,1
1768845051.67361,259,das_mint,134.51694869995117,23742,64,1
1768845051.6740713,282,das_work,22.214531421661377,60058,64,1
1768845051.6743429,256,das_work,21.465237855911255,60058,64,1
1768845051.6770463,279,das_work,21.992469310760498,60058,64,1
1768845051.6772683,253,das_mint,135.04049468040466,23742,64,1
1768845051.6842742,281,das_mint,134.87531995773315,23742,64,1
1768845051.6845915,257,das_work,21.032723665237427,60058,64,1
1768845051.694297,272,das_work,21.358935594558716,60058,64,1
1768845051.6945145,270,das_work,21.276662588119507,60058,64,1
1768845051.6966288,271,das_work,21.790226459503174,60058,64,1
1768845051.7472312,264,das_mint,136.56794571876526,23742,64,1
1768845051.7515678,269,das_work,22.490429878234863,60058,64,1
1768845075.4857829,252,das_work,22.495341539382935,60058,65,1
1768845075.49299,262,das_work,22.822625875473022,60058,65,1
1768845075.4932652,261,das_work,22.95780920982361,60058,65,1
1768845075.4958699,271,das_burn,22.5414559841156,23764,65,1
1768845075.5019324,272,das_work,22.913090705871582,60058,65,1
1768845075.504473,255,das_work,22.261150598526,60058,65,1
1768845075.5060558,253,das_work,22.669458627700806,60058,65,1
1768845075.506269,259,das_work,22.508972883224487,60058,65,1
1768845075.506994,258,das_work,22.36294436454773,60058,65,1
1768845075.5418112,273,das_work,22.866769552230835,60058,65,1
1768845075.5483975,279,das_work,21.947547674179077,60058,65,1
1768845075.5501685,281,das_work,22.5490562915802,60058,65,1
1768845075.562406,269,das_work,23.036979913711548,60058,65,1
1768845075.5627768,256,das_work,22.090487718582153,60058,65,1
1768845075.56353,267,das_work,21.909635543823242,60058,65,1
1768845075.5700707,282,das_work,22.78491497039795,60058,65,1
1768845075.5712197,257,das_work,22.19402265548706,60058,65,1
1768845075.576494,270,das_work,22.694165468215942,60058,65,1
1768845075.576771,264,das_work,22.00599765777588,60058,65,1
1768845084.8444543,271,das_mint,8.443852424621582,23742,118,1
1768845096.9164402,261,das_work,19.89913535118103,60058,66,1
1768845096.9368134,257,das_work,20.2247633934021,60058,66,1
1768845096.9439392,281,das_work,19.420774698257446,60058,66,1
1768845096.9452903,258,das_work,20.17292547225952,60058,66,1
1768845096.9472706,269,das_work,20.03730082511902,60058,66,1
1768845096.9527028,256,das_burn,20.64028286933899,23764,66,1
1768845096.9564476,259,das_work,20.589552402496338,60058,66,1
1768845096.9567819,252,das_work,20.33569312095642,60058,66,1
1768845096.9569926,264,das_work,20.36699652671814,60058,66,1
1768845096.9572291,282,das_burn,19.99493408203125,23764,66,1
1768845096.9574397,270,das_burn,20.21085786819458,23764,66,1
1768845096.970548,273,das_work,19.636919260025024,60058,66,1
1768845096.9784837,272,das_burn,20.420650243759155,23752,66,1
1768845096.9811313,262,das_work,20.584022521972656,60058,66,1
1768845096.985597,253,das_work,20.443492889404297,60058,66,1
1768845096.9859846,255,das_work,20.904566049575806,60058,66,1
1768845096.9863608,267,das_work,19.701980113983154,60058,66,1
1768845096.9865549,279,das_work,19.524426460266113,60058,66,1
1768845097.007731,271,das_burn,10.857213020324707,23764,119,1
1768845106.5341566,256,das_mint,8.904990673065186,23742,120,1
1768845106.5983438,272,das_mint,8.6602303981781,23730,120,1
1768845106.6088874,282,das_mint,8.46782898902893,23742,120,1
1768845106.625193,270,das_mint,7.786029815673828,23742,120,1
1768845117.6389036,252,das_work,19.724597930908203,60058,67,1
1768845117.658473,257,das_work,19.98428249359131,60058,67,1
1768845117.661043,262,das_work,19.361719846725464,60058,67,1
1768845117.661973,281,das_work,19.820010900497437,60058,67,1
1768845117.6633296,264,das_work,18.96562886238098,60058,67,1
1768845117.6636574,259,das_work,18.824758052825928,60058,67,1
1768845117.6683238,279,das_work,19.550973415374756,60058,67,1
1768845117.6691687,273,das_work,19.74105143547058,60058,67,1
1768845117.6717005,258,das_work,18.970762729644775,60058,67,1
1768845117.672214,261,das_burn,18.779414653778076,23764,67,1
1768845117.6724193,255,das_work,19.435229778289795,60058,67,1
1768845117.672694,269,das_work,19.49052357673645,60058,67,1
1768845117.6981947,267,das_work,19.607041358947754,60058,67,1
1768845117.699571,271,das_mint,19.28595232963562,23742,67,1
1768845117.6998749,253,das_work,19.15312385559082,60058,67,1
1768845118.5981238,272,das_burn,11.232641696929932,23752,121,1
1768845121.0467079,261,das_mint,2.059213638305664,23742,121,1
1768845133.0407076,261,das_burn,11.215914011001587,23764,122,1
1768845138.6078126,255,das_work,20.07332992553711,60058,68,1
1768845138.6093278,259,das_work,19.652411699295044,60058,68,1
1768845138.610258,279,das_work,19.970584630966187,60058,68,1
1768845138.6110098,267,das_work,19.675239324569702,60058,68,1
1768845138.611921,269,das_work,19.463876247406006,60058,68,1
1768845138.6162853,273,das_work,19.013379096984863,60058,68,1
1768845138.617041,258,das_work,20.296003103256226,60058,68,1
1768845138.637952,257,das_work,19.999082565307617,60058,68,1
1768845138.646077,281,das_work,19.073232412338257,60058,68,1
1768845138.657773,253,das_work,20.018554210662842,60058,68,1
1768845138.658069,272,das_mint,19.23123550415039,23730,68,1
1768845138.659683,271,das_work,19.305811643600464,60058,68,1
1768845138.6599052,262,das_work,19.757142066955566,60058,68,1
1768845138.6601946,252,das_work,20.2449734210968,60058,68,1
1768845138.6622882,264,das_work,19.815868854522705,60058,68,1
1768845157.0430005,252,das_work,16.563079118728638,60058,69,1
1768845157.044618,259,das_work,17.223462343215942,60058,69,1
1768845157.0587683,267,das_work,17.409122943878174,60058,69,1
1768845157.059073,271,das_work,17.21479344367981,60058,69,1
1768845157.0593157,275,das_mint,131.01242089271545,23742,69,1
1768845157.0595949,258,das_work,17.704949617385864,60058,69,1
1768845157.0598738,273,das_burn,17.63407278060913,23764,69,1
1768845157.0840445,272,das_work,17.31252670288086,60058,69,1
1768845157.0865214,262,das_work,16.832368850708008,60058,69,1
1768845157.0875204,279,das_burn,17.16267490386963,23764,69,1
1768845157.0983949,253,das_work,17.08339786529541,60058,69,1
1768845157.0987566,269,das_burn,17.269025564193726,23764,69,1
1768845157.12129,264,das_work,16.566279649734497,60058,69,1
1768845157.1218598,255,das_work,17.38099431991577,60058,69,1
1768845157.1220396,257,das_burn,17.56670570373535,23764,69,1
1768845157.1223066,281,das_work,17.695481777191162,60058,69,1
1768845169.3282096,279,das_mint,10.36699104309082,23742,125,1
1768845169.3355253,269,das_mint,11.499799728393555,23742,125,1
1768845169.3561733,257,das_mint,11.017931938171387,23742,125,1
1768845169.3565052,273,das_mint,11.202489614486694,23742,125,1
1768845171.3408513,281,das_burn,13.705801486968994,23764,70,1
1768845171.3411584,272,das_work,13.030791521072388,60058,70,1
1768845171.412571,262,das_burn,12.709244728088379,23752,70,1
1768845171.4306583,275,das_work,13.463037252426147,60058,70,1
1768845171.430894,267,das_burn,12.873981237411499,23764,70,1
1768845171.4360905,252,das_burn,13.320162534713745,23764,70,1
1768845171.4373477,259,das_burn,13.2150559425354,23764,70,1
1768845171.4397862,271,das_work,13.639078617095947,60058,70,1
1768845171.4435847,253,das_burn,12.725678443908691,23764,70,1
1768845171.4444647,255,das_burn,13.45249891281128,23764,70,1
1768845171.4476166,258,das_burn,13.407833814620972,23752,70,1
1768845171.4489915,264,das_burn,13.729407548904419,23764,70,1
1768845178.9122484,264,das_mint,6.414862155914307,23742,126,1
1768845178.9259293,258,das_mint,5.540737152099609,23730,126,1
1768845178.9456847,252,das_mint,6.992280006408691,23742,126,1
1768845178.9542806,262,das_mint,6.45285439491272,23730,126,1
1768845181.7244887,255,das_mint,9.646043062210083,23742,126,1
1768845181.7419298,269,das_burn,11.202044248580933,23764,126,1
1768845181.742321,281,das_mint,9.794673919677734,23742,126,1
1768845181.8018682,267,das_mint,8.567087411880493,23742,126,1
1768845181.802703,259,das_mint,8.643946647644043,23742,126,1
1768845181.8088608,253,das_mint,8.526564598083496,23742,126,1
1768845181.809765,279,das_burn,11.461729764938354,23764,126,1
1768845181.815207,273,das_burn,11.236296653747559,23764,126,1
1768845185.0802133,275,das_work,11.988820552825928,60058,71,1
1768845185.0814528,272,das_work,12.38674807548523,60058,71,1
1768845185.0830925,271,das_work,12.235477685928345,60058,71,1
1768845185.0833628,273,das_mint,2.1756539344787598,23742,71,1
1768845185.084504,269,das_mint,2.598317861557007,23742,71,1
1768845185.0991976,279,das_mint,2.419180393218994,23742,71,1
1768845191.0436885,262,das_burn,11.055802583694458,23752,127,1
1768845191.0524611,252,das_burn,10.912096977233887,23764,127,1
1768845191.0526648,258,das_burn,10.44845199584961,23752,127,1
1768845191.067729,264,das_burn,10.629333734512329,23764,127,1
1768845193.8936803,255,das_burn,10.711179494857788,23764,127,1
1768845193.9289556,267,das_burn,11.261340379714966,23764,127,1
1768845193.9297674,281,das_burn,11.330459594726562,23764,127,1
1768845193.969528,253,das_burn,11.34165906906128,23764,127,1
1768845200.2387526,252,das_mint,8.156521558761597,23742,72,1
1768845200.2435124,263,das_mint,246.60743236541748,23742,72,1
1768845200.2441063,281,das_mint,4.682855606079102,23742,72,1
1768845200.2486646,271,das_work,14.632985591888428,60058,72,1
1768845200.2614067,253,das_mint,5.783786296844482,23742,72,1
1768845200.2679622,267,das_mint,4.669452667236328,23742,72,1
1768845200.2713823,272,das_work,14.071038961410522,60058,72,1
1768845200.273688,279,das_work,14.547045707702637,60058,72,1
1768845200.2748277,277,das_mint,246.88254809379578,23730,72,1
1768845200.2751079,258,das_mint,7.39763331413269,23730,72,1
1768845200.2753193,255,das_mint,5.74422812461853,23742,72,1
1768845200.2763996,269,das_work,13.91394329071045,60058,72,1
1768845200.2768073,275,das_work,14.576947450637817,60058,72,1
1768845200.277027,262,das_mint,7.611091375350952,23730,72,1
1768845200.2772222,264,das_mint,8.57349419593811,23742,72,1
1768845200.2774286,273,das_work,14.258399248123169,60058,72,1
1768845217.520676,273,das_work,15.675328493118286,60058,73,1
1768845217.5362875,279,das_work,15.729662895202637,60058,73,1
1768845217.5391166,275,das_work,15.856331586837769,60058,73,1
1768845217.5405555,258,das_work,16.090241193771362,60058,73,1
1768845217.5503101,269,das_work,15.620853900909424,60058,73,1
1768845217.5541666,281,das_work,16.76728129386902,60058,73,1
1768845217.5544682,272,das_work,16.488653659820557,60058,73,1
1768845217.554877,271,das_burn,15.878267765045166,23764,73,1
1768845217.5550725,263,das_work,15.346367120742798,60058,73,1
1768845217.5566409,277,das_work,15.801109790802002,60058,73,1
1768845217.5585651,253,das_work,16.610610008239746,60058,73,1
1768845217.564206,255,das_work,16.189499616622925,60058,73,1
1768845217.567926,267,das_work,16.150655031204224,60058,73,1
1768845217.568207,262,das_work,16.754643440246582,60058,73,1
1768845217.5684202,264,das_work,16.316587924957275,60058,73,1
1768845217.5691805,252,das_work,16.085065126419067,60058,73,1
1768845230.0733204,271,das_mint,11.5020010471344,23742,130,1
1768845234.0731945,255,das_work,15.134714603424072,60058,74,1
1768845234.0748432,277,das_work,15.620163440704346,60058,74,1
1768845234.0751274,262,das_work,15.601894855499268,60058,74,1
1768845234.0767233,273,das_work,15.461825847625732,60058,74,1
1768845234.0834198,279,das_work,15.612121105194092,60058,74,1
1768845234.0845144,252,das_work,15.01489543914795,60058,74,1
1768845234.0851326,267,das_work,15.556463718414307,60058,74,1
1768845234.0854235,258,das_work,15.422367811203003,60058,74,1
1768845234.085626,275,das_work,15.348710775375366,60058,74,1
1768845234.085813,253,das_work,15.834216356277466,60058,74,1
1768845234.1110451,281,das_work,14.789451122283936,60058,74,1
1768845234.112611,263,das_work,14.82558012008667,60058,74,1
1768845234.114294,272,das_burn,14.63787055015564,23752,74,1
1768845234.1144927,264,das_work,14.790173053741455,60058,74,1
1768845234.1148095,269,das_work,14.575243473052979,60058,74,1
1768845239.1809595,272,das_mint,4.396426200866699,23730,131,1
1768845250.4257162,255,das_work,15.812084197998047,60058,75,1
1768845250.4286113,281,das_work,14.608952283859253,60058,75,1
1768845250.4292912,279,das_work,15.39134407043457,60058,75,1
1768845250.4343667,263,das_work,15.697043657302856,60058,75,1
1768845250.4345922,269,das_work,14.406344413757324,60058,75,1
1768845250.437577,277,das_work,14.625436305999756,60058,75,1
1768845250.4377844,273,das_work,15.185941934585571,60058,75,1
1768845250.496118,264,das_work,14.70225739479065,60058,75,1
1768845250.498348,267,das_work,14.985918283462524,60058,75,1
1768845250.498954,258,das_work,14.486945867538452,60058,75,1
1768845250.4991536,252,das_work,14.950944900512695,60058,75,1
1768845250.4993727,275,das_burn,14.426852703094482,23764,75,1
1768845250.499567,253,das_work,15.299804449081421,60058,75,1
1768845250.4998252,262,das_work,15.39557409286499,60058,75,1
1768845254.1655457,275,das_mint,1.705707311630249,23742,132,1
1768845267.1492236,269,das_work,15.75406527519226,60058,76,1
1768845267.157577,267,das_work,14.754191398620605,60058,76,1
1768845267.1585538,262,das_work,15.213703870773315,60058,76,1
1768845267.1587977,281,das_work,16.111395359039307,60058,76,1
1768845267.1596777,264,das_work,15.690023422241211,60058,76,1
1768845267.1603596,252,das_work,15.584566593170166,60058,76,1
1768845267.2218916,263,das_work,15.027666568756104,60058,76,1
1768845267.2245307,258,das_work,15.810121774673462,60058,76,1
1768845267.2249687,273,das_work,15.10135293006897,60058,76,1
1768845267.2251596,261,das_mint,133.595383644104,23742,76,1
1768845267.2253878,253,das_work,15.668362140655518,60058,76,1
1768845267.225806,277,das_work,14.885796546936035,60058,76,1
1768845267.225983,255,das_work,15.85692024230957,60058,76,1
1768845267.2266765,254,das_mint,377.50244092941284,23742,76,1
1768845267.2275317,279,das_work,15.97252869606018,60058,76,1
1768845267.2278447,268,das_mint,377.1450867652893,23742,76,1
1768845283.5223455,252,das_work,14.510531425476074,60058,77,1
1768845283.5226297,269,das_burn,15.007704019546509,23764,77,1
1768845283.5639975,277,das_work,15.284706115722656,60058,77,1
1768845283.5655093,267,das_work,15.598005294799805,60058,77,1
1768845283.5688565,264,das_work,15.476656913757324,60058,77,1
1768845283.5733995,281,das_work,14.629106521606445,60058,77,1
1768845283.57788,261,das_work,15.360177755355835,60058,77,1
1768845283.5808868,253,das_work,14.787399768829346,60058,77,1
1768845283.5827239,258,das_work,15.549738645553589,60058,77,1
1768845283.5829327,255,das_work,14.867500305175781,60058,77,1
1768845283.5844426,279,das_burn,15.24513554573059,23764,77,1
1768845283.5846474,262,das_work,14.504241704940796,60058,77,1
1768845283.5863712,263,das_work,14.918129920959473,60058,77,1
1768845283.5867963,273,das_burn,15.328644037246704,23764,77,1
1768845283.5875049,254,das_work,14.871816158294678,60058,77,1
1768845283.6158319,268,das_work,14.851976871490479,60058,77,1
1768845290.2228334,269,das_mint,4.729891538619995,23742,135,1
1768845290.2506833,273,das_mint,5.03388786315918,23742,135,1
1768845290.260141,279,das_mint,5.41493034362793,23742,135,1
1768845297.132782,261,das_work,12.652106523513794,60058,78,1
1768845297.1366594,281,das_burn,12.888347148895264,23764,78,1
1768845297.1384678,265,das_mint,247.6666989326477,23742,78,1
1768845297.1387935,267,das_burn,11.99051022529602,23764,78,1
1768845297.141629,254,das_work,13.027264595031738,60058,78,1
1768845297.1424468,263,das_burn,13.025146007537842,23764,78,1
1768845297.14422,252,das_burn,12.532809972763062,23764,78,1
1768845297.1445985,264,das_burn,12.36045527458191,23764,78,1
1768845297.1451788,268,das_work,12.19378137588501,60058,78,1
1768845297.1454945,258,das_burn,12.585670948028564,23752,78,1
1768845297.1456764,253,das_burn,12.978814363479614,23764,78,1
1768845297.1458638,255,das_burn,12.290635585784912,23764,78,1
1768845297.1460478,262,das_burn,12.699379920959473,23752,78,1
1768845297.159612,277,das_burn,12.368951320648193,23752,78,1
1768845299.307171,252,das_mint,0.9069023132324219,23742,136,1
1768845299.372272,264,das_mint,0.6034114360809326,23742,136,1
1768845299.3746297,262,das_mint,1.017451524734497,23730,136,1
1768845299.3862724,258,das_mint,1.4157280921936035,23730,136,1
1768845302.434828,263,das_mint,4.5215229988098145,23742,136,1
1768845302.4387515,281,das_mint,3.563615560531616,23742,136,1
1768845302.4810915,277,das_mint,4.0034613609313965,23730,136,1
1768845302.481372,253,das_mint,3.980905294418335,23742,136,1
1768845302.4817166,267,das_mint,3.66996169090271,23742,136,1
1768845302.4827971,255,das_mint,4.003326892852783,23742,136,1
1768845310.5831587,254,das_work,11.890598058700562,60058,79,1
1768845310.6141489,261,das_work,12.802788972854614,60058,79,1
1768845310.6145458,268,das_work,12.573287010192871,60058,79,1
1768845310.6157982,265,das_work,12.767653703689575,60058,79,1
1768845314.4900022,263,das_burn,10.232796430587769,23764,137,1
1768845314.4902706,277,das_burn,10.248469352722168,23752,137,1
1768845324.4591675,261,das_work,11.91388463973999,60058,80,1
1768845324.459387,265,das_work,12.624785900115967,60058,80,1
1768845324.489989,254,das_work,11.971877574920654,60058,80,1
1768845324.4940102,277,das_mint,9.262239456176758,23730,80,1
1768845324.4942331,268,das_work,12.254207134246826,60058,80,1
1768845324.4944851,263,das_mint,8.294083833694458,23742,80,1
1768845338.3098347,254,das_work,12.905965328216553,60058,81,1
1768845338.3130527,277,das_work,12.875166416168213,60058,81,1
1768845338.3135245,261,das_work,13.286397695541382,60058,81,1
1768845338.3137274,265,das_work,12.512158870697021,60058,81,1
1768845338.386329,268,das_work,12.72987174987793,60058,81,1
1768845338.386611,263,das_work,12.636967182159424,60058,81,1
1768845351.680475,254,das_burn,11.80885362625122,23764,82,1
1768845351.6830788,268,das_burn,11.332036972045898,23764,82,1
1768845351.683651,265,das_work,12.599167585372925,60058,82,1
1768845351.68386,263,das_work,12.385983228683472,60058,82,1
1768845351.6841345,277,das_work,12.661966800689697,60058,82,1
1768845351.70206,261,das_burn,11.896950721740723,23764,82,1
1768845359.387261,254,das_mint,6.103156566619873,23742,141,1
1768845359.4846818,268,das_mint,7.298035621643066,23742,141,1
1768845362.6036284,261,das_mint,9.387147188186646,23742,141,1
1768845364.979982,265,das_work,12.506842613220215,60058,83,1
1768845364.9803653,263,das_work,11.429086685180664,60058,83,1
1768845364.9805698,277,das_work,12.546088933944702,60058,83,1
1768845371.4476788,254,das_burn,10.367974281311035,23764,142,1
1768845371.4493885,268,das_burn,9.971325397491455,23764,142,1
1768845377.7479293,263,das_work,11.19984245300293,60058,84,1
1768845377.74889,277,das_work,11.554999828338623,60058,84,1
1768845377.7490752,265,das_burn,11.987152338027954,23764,84,1
1768845377.808948,268,das_mint,4.972924709320068,23742,84,1
1768845377.809281,254,das_mint,4.888361930847168,23742,84,1
1768845386.6841176,265,das_mint,8.089994192123413,23742,143,1
1768845390.4547808,254,das_work,11.800460577011108,60058,85,1
1768845390.4563758,263,das_work,11.447896480560303,60058,85,1
1768845390.456749,277,das_work,10.905999660491943,60058,85,1
1768845390.4569964,268,das_work,11.988463163375854,60058,85,1
1768845402.8005583,268,das_work,11.330498695373535,60058,86,1
1768845402.8010244,277,das_burn,11.23037314414978,23752,86,1
1768845402.801227,263,das_burn,10.835314989089966,23764,86,1
1768845402.8020644,254,das_work,11.581302881240845,60058,86,1
1768845410.702969,263,das_mint,6.092913389205933,23742,145,1
1768845410.783795,277,das_mint,6.562836647033691,23730,145,1
1768845415.10955,254,das_work,11.435104608535767,60058,87,1
1768845415.133336,268,das_work,10.943716526031494,60058,87,1
1768845427.3873713,254,das_work,11.139110803604126,60058,88,1
1768845427.4789672,268,das_work,10.947732925415039,60058,88,1
1768845439.6832361,268,das_work,10.99843144416809,60058,89,1
1768845439.683428,254,das_work,10.351848125457764,60058,89,1
1768845451.7704582,268,das_burn,11.03746771812439,23764,90,1
1768845451.8233807,254,das_burn,10.317371368408203,23764,90,1
1768845455.5778582,268,das_mint,3.241281032562256,23742,149,1
1768845455.622967,254,das_mint,2.834733724594116,23742,149,1
